332957
332797
332455
329234
315062
312303
309639
307550
307276
288139
282815
281290
280316
279452
279070
273769
251815
222854
222837
222775
197370
177485
177320
164869
150305
119404
333481
333478
333477
333476
333475
333474
333473
333472
333471
333469
333468
333467
333466
333461
333460
333459
333458
333457
333448
333439
333438
333437
333436
333435
333433
333432
333431
333430
333429
333428
333427
333264
333259
333258
333253
333149
333065
332973
332972
332971
332965
332963
332950
332949
332947
332946
332943
332942
332941
332940
332939
332938
332937
332936
332932
332928
332927
332926
332909
332906
332905
332904
332903
332900
332896
332891
332889
332888
332887
332886
332878
332877
332875
332874
332873
332872
332871
332870
332869
332868
332867
332866
332865
332864
332861
332858
332857
332856
332855
332854
332853
332847
332842
332838
332837
332830
332827
332826
332825
332824
332823
332822
332821
332820
332819
332818
332817
332816
332815
332814
332813
332812
332809
332808
332807
332806
332805
332804
332802
332800
332799
332798
332796
332795
332794
332793
332792
332791
332788
332786
332785
332783
332782
332781
332779
332778
332777
332770
332769
332768
332767
332766
332765
332764
332763
332762
332760
332759
332754
332753
332751
332750
332749
332748
332744
332743
332741
332736
332726
332723
332721
332720
332719
332717
332703
332699
332690
332687
332682
332680
332678
332662
332661
332660
332659
332658
332656
332655
332654
332653
332652
332650
332649
332647
332644
332643
332642
332640
332638
332637
332635
332632
332601
332599
332593
332494
332469
332467
332365
332347
332333
332264
332210
332209
332106
332097
331986
331965
331953
331932
331930
331852
331846
331841
331806
331801
331788
331309
331308
331303
331302
331296
331295
331289
331275
331177
331170
330895
330892
330753
330405
330240
329189
328969
327594
326659
326322
325103
322315
319240
318950
318937
318916
318888
318870
318848
318684
318663
318618
318535
318477
317864
317660
317197
317196
316808
316804
316803
316440
316162
315289
315239
315237
315236
315187
315162
315030
315000
314992
314928
314574
314509
314498
314492
314473
314419
314404
314372
314235
314234
314127
314117
314113
314108
314104
314100
314085
313976
313975
313964
313944
313931
313926
312957
312932
312790
312676
312597
312591
312558
312535
312491
312306
312298
312289
312269
312086
312066
312046
311967
311406
311385
311348
311298
311284
311277
311220
311049
310854
310831
310668
310640
310597
310581
310566
310542
310500
310463
310449
310429
310384
310364
310260
310243
310223
310217
310203
310125
310115
310102
309978
309812
309809
309800
309783
309761
309621
309606
309600
309591
309143
308982
308977
308821
308800
308764
308745
308720
308597
308592
308578
308516
308378
308375
308370
308201
308191
308189
308188
308107
308066
308064
308053
307786
307758
307709
307700
307682
307679
307668
307624
307619
307617
307606
307588
307571
307283
307238
307237
307236
307234
307220
307203
307182
307171
307131
307130
307060
307047
306963
306922
306921
306910
306907
306906
306876
306850
306847
305108
305106
305103
305063
305061
304646
304570
302647
301302
299796
299794
295716
295537
293692
293691
293677
293676
293662
293660
293508
293460
293457
293426
293419
293395
293379
293363
293326
293293
293188
293128
293114
292959
292868
292702
292603
292591
292590
291589
291424
291018
290537
290339
289913
289912
289789
289756
289696
289693
289579
289567
289469
289402
289401
289377
289375
289352
289339
289285
289258
289250
289211
289200
289195
289175
289174
289173
289172
289134
289120
289089
289084
289037
289003
288986
288963
288948
288939
288933
288848
288834
288812
288721
288625
288565
288512
288494
288485
288483
288456
288369
288362
288351
288349
288318
288317
288283
288251
288222
288183
288140
288038
288033
288031
288030
288028
288018
288014
288004
288002
287997
287970
287965
287962
287961
287957
287956
287945
287944
287858
287817
287804
287802
287800
287794
287791
287788
287783
287750
287662
287660
287634
287595
287517
287443
287442
286721
286695
286486
286484
286461
286394
286393
286386
286365
286342
286334
286320
286319
286268
286220
286219
286206
286145
286131
286130
286089
286076
286074
285956
285945
285944
285942
285932
285879
285878
285872
285840
285650
285649
285643
285641
285639
285632
285628
285618
285590
285589
285583
285489
285488
285418
285417
285415
285414
285362
285360
285280
285273
285256
285223
285203
285163
285079
285076
284780
284767
284763
284762
284761
284756
284752
284742
284734
284709
284701
284687
284630
284618
284616
284592
284577
284549
284546
284539
284532
284526
284521
284479
284478
284470
284455
284451
284441
284423
284372
284370
284364
284331
284311
284300
284287
284281
284269
284263
284240
284239
284210
284197
284193
284147
284108
284104
284102
284071
284037
284026
284024
284009
284002
283991
283973
283948
283933
283929
283913
283912
283911
283901
283895
283893
283887
283879
283854
283844
283834
283798
283797
283790
283778
283736
283729
283700
283693
283691
283682
283680
283656
283650
283634
283633
283619
283614
283610
283605
283591
283588
283586
283584
283576
283569
283531
283528
283526
283524
283523
283512
283504
283501
283500
283477
283472
283471
283470
283464
283462
283460
283458
283452
283451
283448
283441
283438
283435
283422
283420
283419
283418
283416
283407
283396
283357
283319
283304
283276
283269
283255
283238
283230
283221
283219
283192
283189
283180
283176
283151
283150
283149
283148
283147
283146
283135
283128
283124
283122
283110
283104
283092
283089
283085
283079
283078
283076
283072
283071
283066
283060
283054
283043
283042
283034
282998
282997
282943
282907
282904
282893
282891
282889
282884
282879
282877
282873
282864
282862
282858
282817
282762
282761
282759
282757
282746
282741
282737
282731
282711
282705
282702
282700
282696
282690
282677
282675
282673
282666
282664
282638
282632
282627
282621
282620
282619
282607
282606
282602
282591
282584
282577
282569
282556
282551
282546
282545
282539
282533
282528
282513
282510
282509
282505
282501
282490
282489
282486
282484
282458
282455
282447
282445
282411
282408
282405
282402
282401
282400
282398
282396
282392
282391
282390
282386
282383
282381
282370
282367
282366
282365
282360
282359
282358
282327
282317
282277
282103
282102
282072
282069
281925
281903
281888
281844
281809
281801
281756
281713
281690
281671
281605
281603
281600
281571
281570
281569
281567
281566
281565
281556
281553
281551
281547
281546
281544
281543
281505
281501
281437
281430
281421
281411
281409
281400
281399
281398
281397
281391
281383
281377
281372
281371
281370
281365
281353
281352
281351
281350
281349
281348
281347
281339
281337
281336
281322
281316
281312
281311
281310
281309
281308
281306
281305
281302
281294
281293
281291
281281
281280
281276
281270
281269
281252
281245
281242
281240
281237
281225
281216
281192
281162
281157
281155
281153
281127
281120
281109
281098
281097
281094
281093
281092
281091
281088
281077
281073
281067
281063
281058
281051
281025
281024
281022
281009
280993
280922
280904
280822
280820
280812
280797
280645
280642
280634
280633
280625
280620
280617
280616
280615
280614
280613
280597
280594
280583
280581
280553
280546
280545
280501
280494
280489
280468
280467
280447
280410
280407
280404
280395
280345
280317
280298
280077
280076
280065
280064
280054
280050
280049
280025
280022
280021
280020
280017
279979
279970
279964
279956
279955
279954
279953
279951
279943
279941
279939
279933
279928
279910
279907
279897
279892
279888
279881
279880
279870
279858
279853
279840
279832
279826
279822
279819
279813
279812
279796
279790
279757
279751
279747
279715
279677
279672
279666
279665
279637
279630
279629
279627
279483
279449
279403
279359
279357
279343
279341
279337
279336
279319
279316
279315
279313
279312
279311
279305
279290
279277
279272
279268
279266
279241
279235
279223
279218
279216
279181
279177
279154
279151
279145
279133
279128
279118
279105
279085
279083
279054
279001
278999
278998
278997
278996
278995
278994
278993
278957
278947
278928
278925
278923
278920
278917
278914
278912
278910
278909
278907
278901
278842
278833
278832
278751
278703
278663
278501
278493
276935
275074
275073
275072
275071
275070
275049
275046
273784
273755
272086
271795
271235
271233
271232
271231
271230
258893
256166
255175
255023
254516
254182
254068
253836
253815
253772
253668
253527
253263
253247
253243
253234
253185
253168
253150
253146
252728
252691
251920
251863
251817
251813
251809
251695
251643
251180
251060
250863
250753
250739
250716
250679
250270
250265
250114
249943
246692
246618
223079
223078
223077
223076
223075
223074
223073
223072
223071
223070
223069
223068
223067
223066
223065
223064
223063
223062
223061
223060
223059
223058
223057
223056
223055
223054
223053
223052
223051
223050
223049
223048
223047
223046
223045
223044
223043
223042
223041
223040
223039
223038
223037
223036
223035
223034
223033
223032
223031
223030
223029
223028
223027
223026
223025
223024
223023
223022
223021
223020
223019
223018
223017
223016
223015
223014
223013
223012
223011
223010
223009
223008
223007
223006
223005
223004
223003
223002
223001
223000
222999
222998
222997
222996
222995
222994
222993
222992
222991
222990
222989
222988
222987
222985
222984
222983
222982
222981
222980
222979
222978
222977
222976
222975
222974
222973
222972
222971
222970
222969
222968
222967
222966
222965
222964
222963
222962
222961
222960
222959
222958
222957
222956
222955
222954
222953
222952
222951
222950
222949
222948
222947
222946
222945
222944
222943
222942
222941
222940
222939
222938
222937
222936
222935
222934
222933
222932
222931
222930
222929
222928
222927
222926
222925
222924
222923
222922
222921
222920
222919
222918
222917
222916
222915
222914
222913
222911
222909
222908
222907
222906
222905
222904
222903
222902
222901
222900
222899
222898
222897
222896
222895
222894
222893
222892
222891
222890
222889
222888
222887
222886
222885
222884
222883
222882
222881
222880
222879
222878
222877
222876
222875
222874
222873
222872
222871
222870
222869
222868
222867
222866
222865
222864
222863
222862
222861
222860
222859
222858
222857
222856
222855
222853
222852
222851
222850
222849
222848
222847
222846
222845
222844
222843
222842
222841
222840
222839
222838
222836
222835
222834
222833
222832
222831
222830
222829
222828
222827
222826
222825
222824
222823
222822
222821
222820
222819
222818
222817
222816
222815
222814
222813
222812
222811
222810
222809
222808
222807
222806
222805
222804
222803
222802
222801
222800
222799
222798
222797
222796
222795
222794
222793
222792
222791
222790
222789
222788
222787
222786
222785
222784
222783
222782
222781
222780
222779
222778
222777
222776
222774
222773
222772
222771
222770
222769
222768
213897
213699
213392
212564
211964
211960
211958
211956
211955
211933
204871
201846
193262
191941
191504
191311
191270
191255
177648
177646
177645
177644
177643
177642
177641
177640
177639
177637
177633
177631
177625
177624
177623
177622
177621
177619
177618
177614
177613
177609
177608
177607
177602
177598
177596
177595
177594
177593
177591
177590
177589
177588
177582
177577
177576
177574
177573
177569
177567
177566
177565
177562
177558
177557
177556
177555
177553
177552
177551
177548
177547
177546
177543
177540
177538
177537
177532
177519
177518
177516
177515
177512
177511
177510
177507
177506
177505
177503
177499
177497
177496
177492
177491
177490
177487
177486
177484
177483
177482
177481
177480
177477
177476
177475
177474
177473
177471
177468
177467
177466
177465
177464
177462
177461
177460
177458
177457
177456
177455
177454
177453
177451
177450
177448
177447
177446
177445
177444
177443
177442
177433
177432
177430
177429
177427
177409
177408
177407
177405
177403
177400
177399
177398
177395
177388
177385
177383
177380
177376
177369
177367
177365
177364
177363
177362
177361
177360
177359
177354
177353
177352
177351
177349
177348
177347
177345
177344
177343
177342
177341
177340
177339
177338
177337
177336
177331
177330
177328
177326
177325
177324
177323
177318
177317
177316
177311
177310
177308
177306
177305
177304
177303
177302
177301
177300
177297
177296
177294
177293
177290
177289
177288
177283
177282
177281
177277
177271
177268
177267
177266
175307
165588
165587
165586
165582
165574
165570
165564
165563
165560
165556
165555
165554
165553
165547
165546
165539
165538
165536
165533
165528
165527
165523
165518
165517
165516
165514
165513
165509
165499
165486
165485
165484
165479
165478
165476
165473
165471
165469
165468
165467
165466
165461
165460
165458
165452
165451
165443
165442
165441
165436
165434
165433
165432
165431
165430
165429
165427
165426
165425
165423
165420
165418
165416
165411
165410
165407
165405
165400
165398
165396
165395
165393
165391
165387
165381
165376
165374
165366
165363
165360
165358
165355
165348
165347
165346
165345
165344
165343
165342
165341
165340
165339
165337
165336
165332
165331
165330
165329
165328
165327
165326
165325
165324
165323
165322
165321
165320
165319
165318
165317
165316
165315
165314
165313
165312
165311
165310
165309
165308
165307
165303
165297
165295
165291
165290
165288
165287
165285
165284
165283
165282
165281
165280
165279
165278
165277
165276
165274
165273
165272
165271
165270
165269
165268
165267
165266
165265
165264
165263
165262
165259
165258
165256
165255
165254
165253
165252
165250
165248
165247
165245
165244
165242
165241
165239
165237
165235
165234
165233
165232
165231
165230
165228
165227
165226
165225
165223
165222
165221
165220
165219
165218
165217
165216
165215
165214
165213
165212
165211
165210
165207
165206
165205
165203
165202
165201
165200
165199
165197
165196
165195
165194
165193
165191
165190
165189
165188
165187
165186
165185
165184
165183
165182
165181
165180
165179
165178
165177
165176
165175
165173
165169
165168
165167
165165
165164
165163
165161
165159
165157
165156
165155
165154
165153
165152
165149
165148
165147
165146
165142
165141
165140
165138
165137
165136
165135
165134
165133
165132
165131
165130
165129
165127
165126
165125
165124
165123
165122
165121
165120
165118
165117
165116
165115
165114
165113
165111
165109
165108
165107
165104
165103
165102
165101
165099
165098
165097
165096
165095
165094
165093
165092
165090
165089
165088
165087
165086
165085
165084
165082
165081
165080
165079
165075
165039
165038
165037
165036
165035
165034
165032
165031
165030
165029
165027
165026
165025
165024
165023
165022
165021
165019
165018
165017
165016
165015
165005
165004
164995
164986
164985
164963
164955
164934
164925
164924
164919
164918
164916
164914
164912
164910
164909
164907
164902
164900
164890
164889
164872
164862
164861
164860
164858
164855
164854
164853
164851
164850
164849
164848
164843
164842
164824
164822
164817
164815
164812
164801
164800
164798
164797
164796
164795
164794
164789
164787
164786
164781
164779
164777
164776
164775
164774
164773
153025
152957
152955
152816
152777
152747
152702
152699
152589
152528
152474
152398
152193
151694
151573
151535
151532
151358
151356
151339
150302
149522
149427
149382
148753
148722
148716
148701
148700
148663
148361
148323
148289
148156
148007
147993
147919
147812
147807
147756
147629
147545
147544
147533
147504
147459
147458
147122
146503
146498
146364
146143
145918
144947
144935
144538
144537
144411
134016
134010
134001
134000
133998
133990
133959
133958
133956
133954
133953
133949
133945
133939
133920
133918
133916
133910
133909
133907
133906
133905
133900
133894
133889
133887
133878
133872
133855
133847
133846
130605
129050
128998
119413
119412
119058
117766
117544
117039
116023
116019
115833
115814
115705
115703
115686
115660
115570
115513
115374
115368
115355
115336
115303
115288
115285
115269
115187
115174
115164
114962
114838
114778
114740
114618
114586
114536
114342
114301
114299
114270
114264
114252
114153
114041
113835
113583
113574
113396
113356
112362
111843
111760
111400
111360
111345
111251
111059
110557
110536
110032
109986
109783
109608
107201
107197
107192
107186
107183
107181
107179
107178
107153
107150
107149
107148
107145
107144
107143
107142
107141
107140
107137
107135
107134
107131
107130
107120
107119
107118
107116
107115
107110
107109
107108
107089
107086
107085
107084
107083
107079
107069
107063
107059
107055
107053
107050
107039
107038
107037
107035
107034
107030
107029
107026
107025
107017
107010
106990
106989
106988
106987
106985
106984
106983
106982
106981
106979
106978
106976
106974
106973
106972
106970
106967
106966
106964
106963
106962
106959
106954
106901
106886
106880
72614
72147
72144
70500
